pybullet build time: Jul 14 2023 15:41:31
rm: cannot remove 'brain*.nndf': No such file or directory
f1: 0.06295707124494185, f2: 1
f1: 0.009527786378283302, f2: 1
f1: 0.022613596091609418, f2: 1
